1
46125
290052
178900
435
146475
104101
431306
178901
146474
438
104099
65959
446692
146476
104102
52689
33952
28187
2374
2148
72556
217203
85698
905
187327
163359
53635
524
62140
50715
33059
160808
920
930
33075
33998
437
28049
80867
80869
47920
544580
470
202950
262668
106648
202951
396323
471
202952
106649
29430
40214
40215
28090
134533
40216
632955
108981
202954
202955
202956
108980
52133
340345
718
715
67854
716
723
202789
1657
181487
103618
66228
52768
55565
178339
461393
52773
1655
33007
1660
111015
131111
103621
1656
1866
1869
414996
304901
40567
43671
446660
310575
302406
101385
33936
87541
119206
1376
51665
128944
1377
2041
219314
656
29489
644
651
600645
645
652
654
56946
1034
1035
211460
714
739
110935
239935
511
59754
285091
64988
221126
179636
405212
1450
471514
89784
668
688
40269
80852
453835
553384
545533
214856
626932
28117
328814
461876
1049
419015
543877
28108
233316
83263
81468
81412
42838
1449
36819
1069073
208439
129921
33910
1814
31958
546365
264691
649746
97477
33034
33029
33032
33036
33037
214853
167964
161493
105841
169435
1391
294699
69279
63363
332411
28264
48
28197
28199
544718
370776
375061
354197
498055
656366
37928
1665
610243
53367
347481
78587
1381
1382
1383
82135
651183
370622
401562
100225
728
7
192
193
528244
353
354
1445
293387
1390
1392
412384
1452
1454
1455
220685
632773
308892
421767
1413
1396
246786
1397
79880
1398
135735
86664
217031
363870
86665
127886
246786
324767
284581
300825
1402
178774
189381
521377
1404
1471
264697
171685
1405
115979
665099
333138
79885
64104
1408
388741
157838
659243
1478
1479
119858
285983
1423
35841
1428
519424
72361
218284
220686
47678
246787
626929
310298
387090
151276
357276
28111
338188
626930
817
477666
290053
329854
626931
28116
310297
310300
376805
291644
818
78343
820
821
371601
397865
52764
774
111504
155194
38323
92181
803
395923
959
1022
533
232259
360411
1015
84757
394098
47735
638619
1680
1683
28025
1684
762212
1681
638617
471511
1685
762209
1686
35760
1687
1688
1689
78342
78344
1691
630129
216816
1692
78345
1693
518643
28026
1694
218140
78448
983706
78346
78257
762210
158787
762211
1680
77635
246618
33905
356829
35833
456455
1079
138336
124
1322
53443
521
94624
518
103855
35814
519
520
123899
29518
139
29519
140
53254
43669
219301
396014
84378
29448
375
280332
43992
280333
51101
1393
54911
54913
1465
497735
54914
54915
33889
1703
293
588932
172043
74313
2757
2756
29461
118748
152480
179879
95486
292
488447
488732
152500
28095
337
482957
488446
488729
87883
342113
41899
28450
488731
60550
95485
57975
101571
60552
82977
82988
82989
82990
82992
501571
45851
43305
911092
31899
413888
301953
413889
301953
55205
44001
133453
693075
477976
187145
515264
908809
291048
195
199
200
196
824
76517
198
260714
197
201
202
203
204
28080
827
1031542
28188
28189
1017
45243
1018
1019
129958
2718
194702
2748
147709
2751
33977
33978
75697
300419
100886
1172192
304895
69395
88688
155892
158484
158822
301388
1708
1711
59600
979
1710
264251
155077
649507
188913
444444
363953
505317
79329
813
83558
274537
274539
84205
1092
1100
1094
1097
152260
1108
51
52
686831
536
158080
266748
236814
250
253
266749
421531
421058
558152
445961
510955
454171
35703
57706
67824
546
545
67825
133448
28447
508460
237258
84022
1488
84023
1561
279058
1492
217159
36834
1493
1495
36844
36845
1534
1538
33954
1542
29363
1501
1502
217158
169679
36745
84031
1548
1509
318464
420412
1513
1553
1519
158899
279113
74426
147207
147206
626935
28229
225991
285
363952
191495
393662
35786
395922
184914
33871
38284
38286
1697
43765
42817
191610
169292
1721
161896
160386
1408191
1717
156978
1121358
152794
108486
134034
38288
39791
1718
225326
1223514
38289
161879
35755
161889
349751
575200
43768
38301
571915
37637
1719
598660
258224
156976
146827
161899
1705
43770
89154
136857
38304
302449
65058
43771
443610
401472
1727
38305
1725
413497
413503
413501
28141
413502
670052
1001240
84163
80871
68895
82541
119219
106590
164546
2036
2035
33881
104
43
83451
985
281362
197162
1006576
55583
310783
68909
502394
309887
432329
55148
1299
80866
180282
79604
118000
36740
1274
453230
259354
36854
49338
142877
60893
2293
2296
28223
894
65555
897
45663
899
132132
2358
488939
885581
79209
1563
339862
84980
190898
58138
102134
412895
58135
1565
1564
182210
873
58180
293256
876
878
879
191026
184917
879567
901
880
881
33002
766136
936456
427923
64160
891
427926
47055
429727
408174
288995
728005
46914
361041
218538
309120
39950
870
556
204038
69223
204042
14
513050
665550
321318
37915
215813
323415
326320
39486
88431
94254
231455
445710
156974
163665
390884
93378
67780
636
84112
31973
539
238
172045
312279
305900
215803
106592
548
61645
550
158836
299767
57732
33945
317735
37734
44008
1355
44009
53345
1351
1352
1353
160453
155618
1354
246144
71451
155617
53346
160454
154621
903983
71452
41997
332949
1356
332950
417368
903984
112904
671266
294935
421072
88132
552
182337
79967
338565
65700
1648
39960
1044
208962
562
564
253239
35517
1736
35518
39490
39496
41202
132920
340146
332410
169177
853
121039
44012
520764
2423
2424
93466
651143
663275
2055
245
362413
996
350893
229204
249352
37752
991
312277
986
96345
362418
498301
329186
426226
29536
350894
292800
999
2352
447
463
464
191579
320324
622488
657445
28110
263
81475
1631
217511
134605
850
859
851
860
861
856
750
2702
49280
1379
29391
173480
392333
483547
81408
1462
129338
33940
1426
33941
225194
1203471
313985
28232
345632
35554
1861
195907
56807
56804
33072
33996
38308
442
36820
84096
36821
89053
263909
2054
263908
53427
122202
410332
168480
249058
175628
84595
83341
36822
173559
320799
36823
471189
307521
364410
46124
673
730
727
735
729
736
738
249188
1078480
569
546367
2331
43595
80816
2350
240302
1570
195088
156205
42422
258591
223527
213554
2746
115561
664683
471825
1052
1053
376489
927
40091
213
215
35817
32025
216
35818
210
504
104628
35701
92645
341045
80842
964
204773
65
84405
2724
244596
61171
394096
243629
940
65786
80880
53399
121290
81030
86
81032
81033
74319
86102
135577
435908
167642
171674
53358
1386088
412687
139208
262209
282197
55508
29581
504487
220754
889306
86667
43674
428712
453852
261964
206506
131568
111564
502
505
2064
571
446860
573
223184
244366
51288
61648
442954
913969
136100
184882
37923
71999
136273
72000
651457
182640
363277
43357
33943
1276
187304
311410
388408
1600
267364
89059
1579
1601
105612
1602
83683
1603
376807
1604
1605
227943
307126
392566
1606
375175
1607
943673
1580
1581
483012
381742
480931
1582
395085
181675
33960
398555
287844
1610
47770
28038
1584
51664
179838
137357
483011
1612
390841
1613
679249
640331
1614
104955
164393
52242
1596
227942
399370
60519
267633
96565
1587
1588
1614
468911
147802
151781
109790
33959
227944
267818
33962
237446
148814
53444
176292
1618
88233
167481
97478
1622
380393
305793
460870
480930
293371
1632
481720
866801
171523
152331
1597
240427
390842
83526
60520
616990
1589
100468
1590
116089
481723
238013
1598
47715
231049
1623
228229
1599
1624
1625
931533
259059
396268
931534
1626
348151
414682
216463
519050
152335
481719
508451
381741
238012
227945
303240
176291
1633
194326
238015
57037
267363
1363
1358
1364
1366
168471
47671
316068
68170
83655
28082
28083
29422
28084
28085
96228
448
96230
453
45065
45066
449
454
455
456
45067
45068
450
39962
45070
29423
45071
446
45073
458
28087
45074
45075
452
460
40335
66969
45076
144185
1575
133924
229920
183
100053
174
301541
48782
29506
173
29507
29508
28182
28183
28184
178606
180
40542
157692
157688
157687
1079994
1252
33964
1244
1246
1245
33968
229921
540060
1641
1642
1638
1639
647910
1640
1643
491388
278132
245188
345309
1358440
28031
33935
1421
582475
84531
435897
262325
346181
391738
414050
69
262324
69966
55518
188
252966
75985
85404
320912
74318
1048
37487
186192
149715
1033846
236100
2743
209639
523742
119864
263818
42444
314344
1006
168384
47229
437897
39029
907
187326
277
52022
172827
2151
71433
39645
28104
381
69974
1184387
105560
405
270351
408
39956
334852
31998
298794
199596
414
39775
271065
421
392484
359408
378211
582680
84292
104336
400772
162426
273678
92835
36807
273677
82380
2033
69370
252514
1270
29405
47850
47853
285679
291594
47874
1027
412690
52226
2051
2052
477641
158849
35519
55779
1525
34059
386891
480
477
478
34062
29433
582
80854
1056807
423351
111501
342002
36809
318425
1790
1764
56425
1765
1774
37916
1800
339268
451644
258533
81858
761804
1802
1776
1766
1777
1804
1778
29311
46351
110505
152142
83262
28445
1767
1768
354243
487514
141349
280871
53462
1780
1781
56689
244292
1795
146018
59813
1807
240125
43304
1771
39693
265949
36814
318424
1783
1796
431269
243061
29313
1784
1772
1787
1797
47839
1798
2110
1810
110539
547163
1789
2094
2111
28903
45362
2113
86660
2115
29557
2096
2097
2098
2100
2105
29561
2102
28227
2104
2107
2109
51365
703342
256
480520
33
83455
34
53461
375929
244787
267212
483
495
484
485
28091
486
496
37329
487
488
489
607712
490
28449
607711
282199
317018
446683
354356
269261
204799
912
913
915
1824
37326
135487
37330
37332
455432
450734
1844
53437
2014
328515
906888
48935
378548
205844
158500
48936
169176
82983
580166
225422
252302
187137
405946
182710
545501
171693
529
94625
419475
53946
626933
28118
336988
1247
43678
188908
90245
40137
138595
133926
107709
237576
28251
351091
253245
847
36849
44250
1451
343517
1126833
160799
59840
44251
189691
494026
59843
189425
228574
1464
44252
948756
61624
162209
189426
59893
1406
78057
365617
169760
268407
185300
93218
656179
573737
93220
93221
93222
656178
121719
549
553
470931
59814
66269
470934
823
328812
574930
387661
46503
34003
266
34007
454154
454155
78258
256618
33033
752
754
747
29471
55207
554
55208
480391
319652
187452
51663
319653
114090
54062
1255
331679
188932
1122941
984
430522
531813
19
29543
365349
110500
54005
33030
33031
1261
341694
309805
69499
60890
221822
1082
1083
284016
754436
320778
74109
680026
291112
29488
574560
125
161360
414778
1215089
1374
192421
1038856
200991
161355
191768
703
326329
216465
576610
516704
516703
273164
328225
1112
28123
41976
28124
837
111105
28115
322095
281920
82985
419005
305719
242750
28125
77095
28126
165179
52227
28129
28130
589436
470565
28131
840
189722
28132
189723
282402
310514
28133
28134
28135
60133
589437
386414
28137
556499
1747
1744
33012
1102
183417
584
102862
585
126385
516074
333962
587
158850
516075
588
433924
176102
288
137779
228
152297
570156
43657
43658
43659
166935
314281
106588
287
163011
86185
46677
43263
47877
219572
46257
47878
74829
653930
930166
86840
46678
587753
36746
53408
200452
47879
157783
359110
53410
294
296
104087
47880
50340
158627
132476
65741
198620
75588
243924
75612
298
183795
86176
300
76759
321662
78327
76758
47885
157782
70775
200451
380021
122355
237610
303
53412
216142
321846
29438
316
47883
317
47884
470150
86265
200454
200450
76761
33069
271420
240495
113287
344882
415229
314722
261164
248452
334543
330922
45610
251
57029
357794
638849
34038
190721
105219
329
305
94132
54291
575
145458
33888
1646
29449
384
396
359
398
666685
219571
347483
416169
1061
445629
1063
301302
191292
43767
1833
1828
132919
398843
37919
103816
334542
38312
1829
1830
300028
44752
192843
1069
336828
265606
1076
34018
1085
29549
35806
467174
34085
252307
76731
301301
166486
159346
120962
93683
2434
42443
207340
215743
314263
74031
172042
2047
43675
1123067
295419
28068
42256
49319
81569
379347
89184
1264
1161942
1265
106
456493
40988
40989
40990
632569
1852
75294
86304
1836
28042
103731
52603
270918
435906
146919
407035
45670
563188
180542
168697
168695
263378
54736
927083
60920
1008
78259
47917
230143
28901
884107
826
286802
671224
135080
135083
69823
82995
614
615
458197
618
82996
28151
61652
300181
138074
62322
43661
286804
135082
971
23
192073
56812
271098
359303
70863
70864
24
271097
60961
621
622
623
624
37927
563
177972
447471
72
466153
194963
84109
84110
626934
63612
76853
995
102148
56
2057
273376
1131703
1131707
34103
258
46429
56193
76947
332055
332055
522773
538379
420994
13690
529705
563996
152682
28213
13689
33051
397260
160791
172044
117207
267128
33050
33052
46355
154
362837
216933
216935
216936
315358
216938
47834
216942
2134
2144
216945
2145
216946
108
153721
33018
2378
1459
1476
283811
985762
29378
1280
1284
42858
569857
1296
405444
68892
29388
29380
1281
46126
29382
70255
1282
246432
1283
1290
28035
555791
45972
170573
283734
29385
1295
308354
1286
61015
921
128780
517011
336566
266128
40324
83617
487698
216778
405446
465721
41
34105
1311
1328
113107
1329
76860
1333
45634
1317
1334
1336
1335
315405
1302
380397
102684
1346
1338
150055
1339
28037
1309
1303
1318
1348
68891
119224
66821
150829
144786
642227
171383
29484
53633
276
42234
170673
1912
2336
165096
1908
58343
1517
441103
990268
392734
160
119484
187493
456327
2026
271
2754056
47760
2006
290112
103232
51669
239498
390641
246167
285109
274
412593
43948
48664
520767
28172
1516
158
68280
167
2421
672
1894
685706
73919
56458
663
83219
101689
29494
164400
50718
81947
168935
39766
59561
499229
1305
29303
56448
136468
421000
1938
1971
1616
343
2020
64642
28896
451
926
76113
147268
666
1249
132473
409322
29466
583357
158877
86170
748811
351679
1741
108007
175696
499207
280
576784
340021
42235
364317
56449
33060
265668
542
2734
1629
1620
29329
40576
149016
626938
146786
1911
165
36818
367190
1014
37636
437898
29510
1892
34073
57704
29575
184870
28262
92245
60137
1304
210408
86166
263819
93929
863
419257
351671
1343
46354
76258
54571
330834
214851
336261
671
40318
512649
2021
1308
630
1916
346
249567
56460
1313
66897
67356
28175
263475
99481
154347
146536
56457
502049
170661
56455
40577
68231
106578
68214
164330
689
400946
1310
1919
67350
29498
148813
1615
442694
170651
187328
1906
500
696485
81462
1903
285568
1288385
183763
184064
39765
2325
398743
284040
426114
67285
68223
244573
186931
47763
680
56459
146923
93929
674
29323
42684
36861
436515
1340
58343
1661
66876
1031
263476
137584
633
67332
309806
56957
1971
53413
870903
47312
1930
194424
1963
108010
176090
82987
291990
943816
146819
46541
252583
56454
85558
2061
99480
75906
65553
1889
202747
553239
844
1314
76112
29447
339866
228745
632
631
33903
990271
1349
106634
29483
339
408015
701175
28174
40545
171695
1473
66865
669
281456
108150
689
2337
114687
190893
220697
634
186189
137591
379097
29497
51197
362257
351672
29485
1915
28152
73141
45658
361101
68263
1583
257758
1961
332249
206403
1943
649841
2371
1307
53422
676
170652
377615
158852
1003110
44674
393657
1757
71388
68259
76728
55601
29486
1907
261685
29321
81028
2001
63186
1901
496866
39777
285562
404335
136094
351673