1
242703
507754
312540
379547
229980
56636
2234
84156
1316941
58290
200415
76887
94694
94694
2275
54261
683846
565033
367189
413810
489138
43776
51589
29282
2238
28442
2242
2250
62319
36738
35745
35746
2254
2252
381852
255616
2246
60847
57705
387343
293091
430914
146826
368623
368454
1227480
2247
368624
409316
2248
119434
171164
353800
121872
62320
387341
54248
160233
54259
334771
43687
118062
2162
877455
49547
47311
55758
230361
294671
66851
83816
2173
83171
67760
2190
667126
73913
1175445
1175444
570267
29291
2226
42879
39152
2187
2188
83984
83986
2198
2201
2322
2176
2221
101192
2315
2320
358766
882104
2223
301375
2224
39669
2214
2208
418008
170861
2209
38027
2210
2215
2317
475088
2203
145263
145262
155863
2180
213185
2189
160232
129789
64602
13769
69527
69525
44930
44470
413812
29288
416273
2257
63128
82076
13773
121277
181486
2277
99007
29292
2261
53953
2309
54252
84599
2280
2285
2287
111955
55802
227598
54262
187878
110164
311400
2265
53952
172049
277988
2269
2303
50339
2271
184117
54254
164451